position:      25.1166 16.9979 27.1297
orientation:   -0.205226 0.333272 -0.0341278 0.919591
field_of_view: 0.785398
