position:      26.5665 14.4175 26.9278
orientation:   -0.124784 0.377412 0.0510796 0.916177
field_of_view: 0.785398
